region_pal <- c(
  "#1F78B4",
  "#E31A1C",
  "#FF7F00",
  "#B15928",
  "#A6CEE3",
  "#33A02C",
  "#6A3D9A",
  "#FDBF6F",
  "#FB9A99"
)

sex_pal <- c(
  "#21C2AB",
  "#8724F4"
)

cause_group_pal <- c(
  "#ef262690",
  "#d10610c3",
  "#ffae3590",
  "#dfd8d790",
  "#91373C90"
)
