region_pal <- c(
  "#1F78B4",
  "#E31A1C",
  "#FF7F00",
  "#B15928",
  "#A6CEE3",
  "#33A02C",
  "#6A3D9A",
  "#FDBF6F",
  "#FB9A99"
)

sex_pal <- c(
  "#21C2AB",
  "#8724F4"
)

cause_group_pal <- c(
  "#CCCCCC2D",
  "#A010109B",
  "#D2E6FFBD",
  "#B8ABC5A5",
  "#FFF5E8"
)
